{
 "cells": [
  {
   "cell_type": "code",
   "execution_count": 1,
   "metadata": {},
   "outputs": [],
   "source": [
    "import cv2\n",
    "import numpy as np\n",
    "from numpy.lib.shape_base import split\n",
    "from scipy.special import comb"
   ]
  },
  {
   "cell_type": "code",
   "execution_count": 14,
   "metadata": {},
   "outputs": [
    {
     "name": "stdout",
     "output_type": "stream",
     "text": [
      "[[1.00000e+00 0.00000e+00 0.00000e+00 0.00000e+00]\n",
      " [9.70299e-01 2.94030e-02 2.97000e-04 1.00000e-06]\n",
      " [9.41192e-01 5.76240e-02 1.17600e-03 8.00000e-06]\n",
      " [9.12673e-01 8.46810e-02 2.61900e-03 2.70000e-05]\n",
      " [8.84736e-01 1.10592e-01 4.60800e-03 6.40000e-05]\n",
      " [8.57375e-01 1.35375e-01 7.12500e-03 1.25000e-04]\n",
      " [8.30584e-01 1.59048e-01 1.01520e-02 2.16000e-04]\n",
      " [8.04357e-01 1.81629e-01 1.36710e-02 3.43000e-04]\n",
      " [7.78688e-01 2.03136e-01 1.76640e-02 5.12000e-04]\n",
      " [7.53571e-01 2.23587e-01 2.21130e-02 7.29000e-04]\n",
      " [7.29000e-01 2.43000e-01 2.70000e-02 1.00000e-03]\n",
      " [7.04969e-01 2.61393e-01 3.23070e-02 1.33100e-03]\n",
      " [6.81472e-01 2.78784e-01 3.80160e-02 1.72800e-03]\n",
      " [6.58503e-01 2.95191e-01 4.41090e-02 2.19700e-03]\n",
      " [6.36056e-01 3.10632e-01 5.05680e-02 2.74400e-03]\n",
      " [6.14125e-01 3.25125e-01 5.73750e-02 3.37500e-03]\n",
      " [5.92704e-01 3.38688e-01 6.45120e-02 4.09600e-03]\n",
      " [5.71787e-01 3.51339e-01 7.19610e-02 4.91300e-03]\n",
      " [5.51368e-01 3.63096e-01 7.97040e-02 5.83200e-03]\n",
      " [5.31441e-01 3.73977e-01 8.77230e-02 6.85900e-03]\n",
      " [5.12000e-01 3.84000e-01 9.60000e-02 8.00000e-03]\n",
      " [4.93039e-01 3.93183e-01 1.04517e-01 9.26100e-03]\n",
      " [4.74552e-01 4.01544e-01 1.13256e-01 1.06480e-02]\n",
      " [4.56533e-01 4.09101e-01 1.22199e-01 1.21670e-02]\n",
      " [4.38976e-01 4.15872e-01 1.31328e-01 1.38240e-02]\n",
      " [4.21875e-01 4.21875e-01 1.40625e-01 1.56250e-02]\n",
      " [4.05224e-01 4.27128e-01 1.50072e-01 1.75760e-02]\n",
      " [3.89017e-01 4.31649e-01 1.59651e-01 1.96830e-02]\n",
      " [3.73248e-01 4.35456e-01 1.69344e-01 2.19520e-02]\n",
      " [3.57911e-01 4.38567e-01 1.79133e-01 2.43890e-02]\n",
      " [3.43000e-01 4.41000e-01 1.89000e-01 2.70000e-02]\n",
      " [3.28509e-01 4.42773e-01 1.98927e-01 2.97910e-02]\n",
      " [3.14432e-01 4.43904e-01 2.08896e-01 3.27680e-02]\n",
      " [3.00763e-01 4.44411e-01 2.18889e-01 3.59370e-02]\n",
      " [2.87496e-01 4.44312e-01 2.28888e-01 3.93040e-02]\n",
      " [2.74625e-01 4.43625e-01 2.38875e-01 4.28750e-02]\n",
      " [2.62144e-01 4.42368e-01 2.48832e-01 4.66560e-02]\n",
      " [2.50047e-01 4.40559e-01 2.58741e-01 5.06530e-02]\n",
      " [2.38328e-01 4.38216e-01 2.68584e-01 5.48720e-02]\n",
      " [2.26981e-01 4.35357e-01 2.78343e-01 5.93190e-02]\n",
      " [2.16000e-01 4.32000e-01 2.88000e-01 6.40000e-02]\n",
      " [2.05379e-01 4.28163e-01 2.97537e-01 6.89210e-02]\n",
      " [1.95112e-01 4.23864e-01 3.06936e-01 7.40880e-02]\n",
      " [1.85193e-01 4.19121e-01 3.16179e-01 7.95070e-02]\n",
      " [1.75616e-01 4.13952e-01 3.25248e-01 8.51840e-02]\n",
      " [1.66375e-01 4.08375e-01 3.34125e-01 9.11250e-02]\n",
      " [1.57464e-01 4.02408e-01 3.42792e-01 9.73360e-02]\n",
      " [1.48877e-01 3.96069e-01 3.51231e-01 1.03823e-01]\n",
      " [1.40608e-01 3.89376e-01 3.59424e-01 1.10592e-01]\n",
      " [1.32651e-01 3.82347e-01 3.67353e-01 1.17649e-01]\n",
      " [1.25000e-01 3.75000e-01 3.75000e-01 1.25000e-01]\n",
      " [1.17649e-01 3.67353e-01 3.82347e-01 1.32651e-01]\n",
      " [1.10592e-01 3.59424e-01 3.89376e-01 1.40608e-01]\n",
      " [1.03823e-01 3.51231e-01 3.96069e-01 1.48877e-01]\n",
      " [9.73360e-02 3.42792e-01 4.02408e-01 1.57464e-01]\n",
      " [9.11250e-02 3.34125e-01 4.08375e-01 1.66375e-01]\n",
      " [8.51840e-02 3.25248e-01 4.13952e-01 1.75616e-01]\n",
      " [7.95070e-02 3.16179e-01 4.19121e-01 1.85193e-01]\n",
      " [7.40880e-02 3.06936e-01 4.23864e-01 1.95112e-01]\n",
      " [6.89210e-02 2.97537e-01 4.28163e-01 2.05379e-01]\n",
      " [6.40000e-02 2.88000e-01 4.32000e-01 2.16000e-01]\n",
      " [5.93190e-02 2.78343e-01 4.35357e-01 2.26981e-01]\n",
      " [5.48720e-02 2.68584e-01 4.38216e-01 2.38328e-01]\n",
      " [5.06530e-02 2.58741e-01 4.40559e-01 2.50047e-01]\n",
      " [4.66560e-02 2.48832e-01 4.42368e-01 2.62144e-01]\n",
      " [4.28750e-02 2.38875e-01 4.43625e-01 2.74625e-01]\n",
      " [3.93040e-02 2.28888e-01 4.44312e-01 2.87496e-01]\n",
      " [3.59370e-02 2.18889e-01 4.44411e-01 3.00763e-01]\n",
      " [3.27680e-02 2.08896e-01 4.43904e-01 3.14432e-01]\n",
      " [2.97910e-02 1.98927e-01 4.42773e-01 3.28509e-01]\n",
      " [2.70000e-02 1.89000e-01 4.41000e-01 3.43000e-01]\n",
      " [2.43890e-02 1.79133e-01 4.38567e-01 3.57911e-01]\n",
      " [2.19520e-02 1.69344e-01 4.35456e-01 3.73248e-01]\n",
      " [1.96830e-02 1.59651e-01 4.31649e-01 3.89017e-01]\n",
      " [1.75760e-02 1.50072e-01 4.27128e-01 4.05224e-01]\n",
      " [1.56250e-02 1.40625e-01 4.21875e-01 4.21875e-01]\n",
      " [1.38240e-02 1.31328e-01 4.15872e-01 4.38976e-01]\n",
      " [1.21670e-02 1.22199e-01 4.09101e-01 4.56533e-01]\n",
      " [1.06480e-02 1.13256e-01 4.01544e-01 4.74552e-01]\n",
      " [9.26100e-03 1.04517e-01 3.93183e-01 4.93039e-01]\n",
      " [8.00000e-03 9.60000e-02 3.84000e-01 5.12000e-01]\n",
      " [6.85900e-03 8.77230e-02 3.73977e-01 5.31441e-01]\n",
      " [5.83200e-03 7.97040e-02 3.63096e-01 5.51368e-01]\n",
      " [4.91300e-03 7.19610e-02 3.51339e-01 5.71787e-01]\n",
      " [4.09600e-03 6.45120e-02 3.38688e-01 5.92704e-01]\n",
      " [3.37500e-03 5.73750e-02 3.25125e-01 6.14125e-01]\n",
      " [2.74400e-03 5.05680e-02 3.10632e-01 6.36056e-01]\n",
      " [2.19700e-03 4.41090e-02 2.95191e-01 6.58503e-01]\n",
      " [1.72800e-03 3.80160e-02 2.78784e-01 6.81472e-01]\n",
      " [1.33100e-03 3.23070e-02 2.61393e-01 7.04969e-01]\n",
      " [1.00000e-03 2.70000e-02 2.43000e-01 7.29000e-01]\n",
      " [7.29000e-04 2.21130e-02 2.23587e-01 7.53571e-01]\n",
      " [5.12000e-04 1.76640e-02 2.03136e-01 7.78688e-01]\n",
      " [3.43000e-04 1.36710e-02 1.81629e-01 8.04357e-01]\n",
      " [2.16000e-04 1.01520e-02 1.59048e-01 8.30584e-01]\n",
      " [1.25000e-04 7.12500e-03 1.35375e-01 8.57375e-01]\n",
      " [6.40000e-05 4.60800e-03 1.10592e-01 8.84736e-01]\n",
      " [2.70000e-05 2.61900e-03 8.46810e-02 9.12673e-01]\n",
      " [8.00000e-06 1.17600e-03 5.76240e-02 9.41192e-01]\n",
      " [1.00000e-06 2.97000e-04 2.94030e-02 9.70299e-01]\n",
      " [0.00000e+00 0.00000e+00 0.00000e+00 1.00000e+00]]\n"
     ]
    }
   ],
   "source": [
    "arr = np.zeros((240*5,240*5,3),dtype=np.uint8)\n",
    "\n",
    "pts = np.array([[0,0],[140,0],[0,140],[240,240]])\n",
    "\n",
    "n = len(pts) - 1\n",
    "split = 100 \n",
    "\n",
    "w = np.ones((split+1,n+1))\n",
    "\n",
    "t = np.linspace(0, 1, split+1)\n",
    "tprod = np.ones(t.shape)\n",
    "for i in range(n+1):\n",
    "    w[:,i] *= tprod\n",
    "    tprod *= t\n",
    "    \n",
    "talt = 1-t\n",
    "tprod = np.ones(t.shape)\n",
    "for i in range(n+1):\n",
    "    w[:,n-i] *= tprod\n",
    "    tprod *= talt\n",
    "\n",
    "b = comb(n, np.arange(0,n+1,1,dtype=np.uint32))\n",
    "for i in range(n+1):\n",
    "    w[:,i] *= b[i]\n",
    "print(w)\n",
    "\n",
    "line = np.dot(w, pts)\n",
    "# print(line.astype(np.uint32))\n",
    "arr = cv2.polylines(arr, [line.astype(np.int32)],False, (255,255,255), 0)\n",
    "# print(arr)\n",
    "cv2.imshow(\"\",arr)\n",
    "if cv2.waitKey(0):\n",
    "    cv2.destroyAllWindows()"
   ]
  },
  {
   "cell_type": "code",
   "execution_count": null,
   "metadata": {},
   "outputs": [],
   "source": [
    "weights = {}\n",
    "\n",
    "pts = np.array([[0,0],[240,0],[240,240],[240,240]])\n",
    "\n",
    "n = len(pts) - 1\n",
    "if weights.get((n,split)) == None:\n",
    "    weights[(n,split)] = genWeights(n,split)\n",
    "print(\"?\")\n",
    "line = np.dot(weights[(n,split)], pts).astype(np.int32)\n",
    "\n",
    "arr = np.zeros((240*5,240*5,3),dtype=np.uint8)\n",
    "arr = cv2.polylines(arr, [line],False, (255,255,255), 0)\n",
    "cv2.imshow(\"\",arr)\n",
    "if cv2.waitKey(0):\n",
    "    cv2.destroyAllWindows()"
   ]
  },
  {
   "cell_type": "code",
   "execution_count": 16,
   "metadata": {},
   "outputs": [],
   "source": [
    "def genWeights(n,split=100):\n",
    "    w = np.ones((split+1,n+1))\n",
    "    t = np.linspace(0, 1, split+1)\n",
    "    tprod = np.ones(t.shape)\n",
    "    for i in range(n+1):\n",
    "        w[:,i] *= tprod\n",
    "        tprod *= t\n",
    "    tprod = np.ones(t.shape)\n",
    "    for i in range(n+1):\n",
    "        w[:,n-i] *= tprod\n",
    "        tprod *= 1-t\n",
    "    b = comb(n, np.arange(0,n+1,1,dtype=np.uint32))\n",
    "    for i in range(n+1):\n",
    "        w[:,i] *= b[i]\n",
    "    return w"
   ]
  }
 ],
 "metadata": {
  "interpreter": {
   "hash": "168cc4c9491a02f5b275582c3337356a3dc62395137888f2aece8b8a66d89982"
  },
  "kernelspec": {
   "display_name": "Python 3.9.9 64-bit",
   "language": "python",
   "name": "python3"
  },
  "language_info": {
   "codemirror_mode": {
    "name": "ipython",
    "version": 3
   },
   "file_extension": ".py",
   "mimetype": "text/x-python",
   "name": "python",
   "nbconvert_exporter": "python",
   "pygments_lexer": "ipython3",
   "version": "3.9.9"
  },
  "orig_nbformat": 4
 },
 "nbformat": 4,
 "nbformat_minor": 2
}
